0.02 11.3348
0.04 11.34899
0.06 11.36332
0.08 11.37387
0.09999999 11.37982
0.12 11.37982
0.14 11.37982
0.16 11.37982
0.18 11.40028
0.2 11.40028
0.22 11.40926
0.24 11.40926
0.26 11.42705
0.28 11.43523
0.3 11.45745
0.32 11.45745
0.34 11.48739
0.36 11.5071
0.38 11.53476
0.4 11.55519
0.42 11.59503
0.4400001 11.63679
0.4600001 11.63679
0.4800001 11.71944
0.5000001 11.76773
0.52 11.79381
0.54 11.82743
0.56 11.85642
0.58 11.85642
0.6 11.87854
0.6199999 11.87854
0.6399999 11.88833
0.6599999 11.87104
0.6799999 11.85433
0.6999999 11.80899
0.7199998 11.78393
0.7399998 11.73531
0.7599998 11.73531
0.7799998 11.59513
0.7999998 11.59513
0.8199998 11.53591
0.8399997 11.44176
0.8599997 11.44176
0.8799997 11.44176
0.8999997 11.44176
0.9199997 11.44176
0.9399996 11.44176
0.9599996 11.06158
0.9799996 11.06158
0.9999996 10.93639
1.02 10.93639
1.04 10.8538
1.06 10.7399
1.08 10.66854
1.1 10.66854
1.12 10.54956
1.14 10.42005
1.159999 10.42005
1.179999 10.32217
1.199999 10.23633
1.219999 10.21448
1.239999 10.16326
1.259999 10.16326
1.279999 10.16326
1.299999 10.16326
1.319999 10.16326
1.339999 9.961959
1.359999 9.961959
1.379999 9.961959
1.399999 9.961959
1.419999 9.932383
1.439999 9.932383
1.459999 9.957458
1.479999 9.972219
1.499999 10.00268
1.519999 10.00268
1.539999 10.10418
1.559999 10.20664
1.579999 10.28465
1.599999 10.28465
1.619999 10.47044
1.639999 10.6896
1.659999 10.83983
1.679999 10.83983
1.699999 11.2024
1.719999 11.45826
1.739999 11.7025
1.759999 11.88385
1.779999 12.1971
1.799999 12.44362
1.819999 12.84839
1.839999 12.84839
1.859999 12.84839
1.879999 13.55775
1.899999 14.05205
1.919999 14.32846
1.939999 14.65123
1.959999 14.98458
1.979999 14.98458
1.999999 16.43045
2.019999 16.43045
2.039999 16.43045
2.059999 16.43045
2.079999 16.43045
2.099999 16.43045
2.119999 21.26801
2.139999 21.26801
2.159999 21.26801
2.179999 22.67906
2.199999 22.67906
2.219999 23.68671
2.239999 24.21329
2.259999 24.85735
2.279999 25.36652
2.299999 26.15474
2.319999 26.67078
2.339998 27.51232
2.359998 27.51232
2.379998 27.51232
2.399998 28.94035
2.419998 28.94035
2.439998 29.97483
2.459998 30.56879
2.479998 30.56879
2.499998 31.52799
2.519998 33.25583
2.539998 33.25583
2.559998 34.40294
2.579998 35.32763
2.599998 36.07544
2.619998 36.95141
2.639998 36.95141
2.659998 37.5823
2.679998 38.06762
2.699998 38.06762
2.719998 38.66213
2.739998 39.43589
2.759998 39.43589
2.779998 39.43589
2.799998 39.43589
2.819998 39.43589
2.839998 39.43589
2.859998 39.43589
2.879998 44.22995
2.899998 44.22995
2.919998 44.22995
2.939998 44.22995
2.959998 44.22995
2.979998 44.22995
2.999998 44.22995
3.019998 47.29692
3.039998 47.29692
3.059998 47.29692
3.079998 47.29692
3.099998 48.31551
3.119998 48.31551
3.139998 49.11833
3.159998 49.11833
3.179998 49.56318
3.199998 49.86052
3.219998 50.14904
3.239998 50.41416
3.259998 50.41416
3.279998 50.70741
3.299998 50.92983
3.319998 51.03573
3.339998 51.18124
3.359998 51.18124
3.379997 51.33126
3.399997 51.50194
3.419997 51.50194
3.439997 51.69927
3.459997 51.84727
3.479997 51.94802
3.499997 52.09487
3.519997 52.20636
3.539997 52.38445
3.559997 52.38445
3.579997 52.66064
3.599997 52.66064
3.619997 53.28979
3.639997 53.69952
3.659997 54.07018
3.679997 54.07018
3.699997 54.70204
3.719997 55.25512
3.739997 55.25512
3.759997 55.89082
3.779997 56.36126
3.799997 56.91425
3.819997 57.27076
3.839997 57.73214
3.859997 58.28977
3.879997 58.76751
3.899997 58.76751
3.919997 58.76751
3.939997 59.99832
3.959997 60.71305
3.979997 61.05756
3.999997 61.39129
4.019997 61.84946
4.039997 62.18897
4.059997 62.18897
4.079997 62.18897
4.099997 63.01131
4.119997 63.60983
4.139997 63.8744
4.159997 64.11787
4.179997 64.42211
4.199997 64.69889
4.219997 64.69889
4.239997 65.31914
4.259997 65.31914
4.279997 65.70438
4.299997 66.05833
4.319997 66.44084
4.339997 66.44084
4.359997 66.9039
4.379997 67.37773
4.399997 67.37773
4.419997 68.0574
4.439997 68.6466
4.459997 69.05602
4.479997 69.05602
4.499997 69.97112
4.519997 69.97112
4.539997 71.12351
4.559997 71.12351
4.579997 72.22659
4.599997 72.22659
4.619997 73.07182
4.639997 73.76193
4.659997 74.13927
4.679996 74.61509
4.699996 75.13251
4.719996 75.13251
4.739996 75.80991
4.759996 75.80991
4.779996 76.37614
4.799996 76.87023
4.819996 77.18373
4.839996 77.57448
4.859996 78.09208
4.879996 78.09208
4.899996 78.74156
4.919996 78.74156
4.939996 79.50035
4.959996 80.10065
4.979996 80.48888
4.999996 80.48888
5.019996 80.98744
5.039996 81.76937
5.059996 81.76937
5.079996 82.69854
5.099996 82.69854
5.119996 83.41718
5.139996 84.09821
5.159996 84.55621
5.179996 84.55621
5.199996 85.2417
5.219996 86.14413
5.239996 86.14413
5.259996 87.16452
5.279996 87.16452
5.299996 88.33588
5.319996 88.33588
5.339996 89.05765
5.359996 89.97498
5.379996 89.97498
5.399996 90.64603
5.419996 90.64603
5.439996 91.61088
5.459996 92.11543
5.479996 92.4398
5.499996 92.70741
5.519996 92.70741
5.539996 92.99748
5.559996 93.29284
5.579996 93.29284
5.599996 93.60401
5.619996 93.60401
5.639996 93.78461
5.659996 93.91113
5.679996 93.98522
5.699996 93.98522
5.719995 95.12601
5.739995 95.12601
5.759995 96.85107
5.779995 96.85107
5.799995 98.28836
5.819995 99.49396
5.839995 100.4197
5.859995 101.417
5.879995 102.7678
5.899995 102.7678
5.919995 104.4188
5.939995 106.0923
5.959995 106.884
5.979995 107.9285
5.999995 108.8488
6.019995 109.5174
6.039995 109.5174
6.059995 110.4185
6.079995 110.4185
6.099995 110.4185
6.119995 113.4023
6.139995 114.5611
6.159995 115.0333
6.179995 115.8865
6.199995 115.8865
6.219995 116.8599
6.239995 116.8599
6.259995 118.5365
6.279995 119.6433
6.299995 120.4566
6.319995 120.9605
6.339995 121.5139
6.359995 121.5139
6.379995 122.1911
6.399995 122.1911
6.419995 123.2457
6.439995 123.8992
6.459995 124.3378
6.479995 124.3378
6.499995 124.8136
6.519995 125.2253
6.539995 125.6121
6.559995 126.0496
6.579995 126.0496
6.599995 126.3745
6.619995 126.7364
6.639995 126.9386
6.659995 127.1469
6.679995 127.3237
6.699995 127.3777
6.719995 127.3777
6.739995 127.3777
6.759995 125.7202
6.779994 125.7202
6.799994 124.5118
6.819994 123.8132
6.839994 123.3767
6.859994 120.9592
6.879994 120.9592
6.899994 120.9592
6.919994 115.2238
6.939994 115.2238
6.959994 110.8961
6.979994 107.1859
6.999994 107.1859
7.019994 104.6916
7.039994 102.315
7.059994 102.315
7.079994 98.10455
7.099994 98.10455
7.119994 96.14618
7.139994 94.25147
7.159994 93.2725
7.179994 91.82822
7.199994 91.82822
7.219994 90.12865
7.239994 90.12865
7.259994 88.62658
7.279994 87.20947
7.299994 87.20947
7.319994 85.31813
7.339994 82.63045
7.359994 82.63045
7.379994 80.06612
7.399994 80.06612
7.419994 77.85952
7.439994 75.83896
7.459994 74.93855
7.479994 73.67043
7.499994 72.67515
7.519994 72.67515
7.539994 71.10773
7.559994 71.10773
7.579994 69.8828
7.599994 69.8828
7.619994 68.70497
7.639994 67.71223
7.659994 66.79675
7.679994 66.79675
7.699994 65.42255
7.719994 65.42255
7.739994 63.69057
7.759994 63.69057
7.779994 62.36534
7.799994 61.14515
7.819993 60.4465
7.839993 60.4465
7.859993 59.34336
7.879993 58.49856
7.899993 57.88676
7.919993 57.30392
7.939993 56.57578
7.959993 55.59502
7.979993 54.80894
7.999993 54.80894
8.019994 53.20504
8.039994 53.20504
8.059995 51.90005
8.079995 51.90005
8.099996 50.87068
8.119996 50.87068
8.139997 50.0398
8.159997 49.30362
8.179997 49.30362
8.199998 48.51932
8.219998 48.51932
8.239999 47.78114
8.259999 47.78114
8.28 47.23219
8.3 46.62221
8.320001 46.26581
8.340001 46.26581
8.360002 45.3837
8.380002 45.3837
8.400002 44.38237
8.420003 43.75959
8.440003 43.21696
8.460004 42.51543
8.480004 41.85187
8.500005 41.85187
8.520005 39.75246
8.540006 39.75246
8.560006 39.75246
8.580007 37.42988
8.600007 37.42988
8.620008 35.84171
8.640008 35.84171
8.660008 34.83089
8.680009 34.83089
8.700009 33.75507
8.72001 32.9435
8.74001 32.9435
8.760011 32.52331
8.780011 32.04475
8.800012 31.69434
8.820012 31.69434
8.840013 31.227
8.860013 31.227
8.880013 30.89446
8.900014 30.89446
8.920014 30.58169
8.940015 30.25342
8.960015 29.94499
8.980016 29.94499
9.000016 28.30693
9.020017 28.30693
9.040017 26.68519
9.060018 25.11294
9.080018 25.11294
9.100019 22.97127
9.120019 21.25431
9.140019 21.25431
9.16002 19.32825
9.18002 19.32825
9.200021 17.70164
9.220021 16.41477
9.240022 15.36597
9.260022 14.41416
9.280023 13.62442
9.300023 13.62442
9.320024 12.29841
9.340024 12.29841
9.360024 11.59388
9.380025 11.59388
9.400025 10.45978
9.420026 10.45978
9.440026 9.964802
9.460027 9.577005
9.480027 9.577005
9.500028 8.957562
9.520028 8.515575
9.540029 8.156995
9.560029 7.744152
9.580029 7.115904
9.60003 7.115904
9.62003 6.547212
9.640031 6.547212
9.660031 5.770849
9.680032 5.204846
9.700032 4.83663
9.720033 4.466904
9.740033 4.466904
9.760034 4.156097
9.780034 3.807966
9.800035 3.807966
9.820035 3.5333
9.840035 3.357597
9.860036 3.303398
9.880036 3.303398
9.900037 3.275842
9.920037 3.299662
9.940038 3.307721
9.960038 3.307721
9.980039 3.292534
10.00004 2.727137
10.02004 2.466486
10.04004 2.466486
10.06004 1.617494
10.08004 1.617494
10.10004 0.05595291
10.12004 1.065878
10.14004 1.065878
10.16004 2.103196
10.18004 2.994736
10.20004 3.521811
10.22004 3.521811
10.24004 4.237898
10.26005 4.237898
10.28005 4.796854
10.30005 4.796854
10.32005 5.195463
10.34005 5.38827
10.36005 5.38827
10.38005 5.507799
10.40005 5.507799
10.42005 5.583143
10.44005 5.581037
10.46005 5.581037
10.48005 5.506161
10.50005 5.360267
10.52005 5.264996
10.54005 5.142051
10.56005 5.021881
10.58005 5.021881
10.60005 4.767893
10.62005 4.767893
10.64005 4.32572
10.66005 4.045833
10.68005 4.045833
10.70006 3.81639
10.72006 3.45366
10.74006 3.248114
10.76006 3.248114
10.78006 3.025368
10.80006 3.025368
10.82006 2.680003
10.84006 2.680003
10.86006 2.652915
10.88006 2.652915
10.90006 2.720165
10.92006 2.720165
10.94006 3.031509
10.96006 3.031509
10.98006 3.031509
11.00006 3.615846
11.02006 3.615846
11.04006 4.553028
11.06006 4.553028
11.08006 5.163725
11.10006 5.163725
11.12006 5.163725
11.14007 5.906741
11.16007 5.906741
11.18007 5.906741
11.20007 6.373106
11.22007 6.373106
11.24007 6.373106
11.26007 7.021912
11.28007 7.021912
11.30007 7.585557
11.32007 7.585557
11.34007 7.585557
11.36007 8.102925
11.38007 8.102925
11.40007 8.419023
11.42007 8.419023
11.44007 8.705292
11.46007 8.705292
11.48007 8.907944
11.50007 8.907944
11.52007 8.907944
11.54007 8.912861
11.56007 8.912861
11.58008 8.912861
11.60008 9.131874
11.62008 9.131874
11.64008 9.089818
11.66008 9.089818
11.68008 9.062323
11.70008 9.062323
11.72008 9.037616
11.74008 9.037616
11.76008 8.908363
11.78008 8.908363
11.80008 8.638132
11.82008 8.638132
11.84008 8.638132
11.86008 8.309785
11.88008 8.309785
11.90008 8.075064
11.92008 8.075064
11.94008 7.957886
11.96008 7.957886
11.98008 7.96023
12.00008 7.96023
12.02009 7.96023
12.04009 8.217069
12.06009 8.217069
12.08009 8.217069
12.10009 8.77832
12.12009 8.77832
12.14009 8.77832
12.16009 9.186754
12.18009 9.186754
12.20009 9.186754
12.22009 9.691564
12.24009 9.691564
12.26009 9.691564
12.28009 9.984262
12.30009 9.984262
12.32009 10.44158
12.34009 10.44158
12.36009 10.44158
12.38009 11.56098
12.40009 11.56098
12.42009 12.37354
12.44009 12.37354
12.4601 12.88417
12.4801 12.88417
12.5001 12.88417
12.5201 13.24553
12.5401 13.24553
12.5601 13.24553
12.5801 13.24553
12.6001 13.34841
12.6201 13.34841
12.6401 13.34841
12.6601 13.26592
12.6801 13.26592
12.7001 13.26592
12.7201 13.27425
12.7401 13.27425
12.7601 13.27425
12.7801 13.36686
12.8001 13.36686
12.8201 13.49538
12.8401 13.49538
12.8601 13.5829
12.88011 13.5829
12.90011 13.5829
12.92011 13.60161
12.94011 13.60161
12.96011 13.55848
12.98011 13.55848
13.00011 13.47662
13.02011 13.47662
13.04011 13.47662
13.06011 13.25858
13.08011 13.25858
13.10011 13.25858
13.12011 12.69187
13.14011 12.69187
13.16011 12.37572
13.18011 12.37572
13.20011 11.56432
13.22011 11.56432
13.24011 10.28247
13.26011 10.28247
13.28011 8.46037
13.30011 8.46037
13.32012 6.977692
13.34012 5.648647
13.36012 5.648647
13.38012 4.529175
13.40012 4.529175
13.42012 3.117657
13.44012 3.117657
13.46012 1.147565
13.48012 1.147565
13.50012 0.1557664
13.52012 1.173031
13.54012 1.173031
13.56012 1.657766
13.58012 1.657766
13.60012 2.157219
13.62012 2.157219
13.64012 2.358583
13.66012 2.358583
13.68012 2.528555
13.70012 2.528555
13.72012 2.697185
13.74012 2.890898
13.76013 2.943641
13.78013 2.943641
13.80013 3.40358
13.82013 3.595264
13.84013 3.791217
13.86013 3.940593
13.88013 4.169036
13.90013 4.48537
13.92013 4.48537
13.94013 5.016572
13.96013 5.016572
13.98013 5.266633
14.00013 5.266633
14.02013 5.32708
14.04013 5.32708
14.06013 5.32708
14.08013 5.237645
14.10013 5.237645
14.12013 5.127399
14.14013 5.127399
14.16013 4.860751
14.18013 4.860751
14.20014 4.834199
14.22014 4.834199
14.24014 4.775078
14.26014 4.775078
14.28014 4.549628
14.30014 4.549628
14.32014 4.141369
14.34014 4.141369
14.36014 3.787496
14.38014 3.787496
14.40014 3.46594
14.42014 3.46594
14.44014 3.208637
14.46014 3.208637
14.48014 3.208637
14.50014 3.68201
14.52014 3.68201
14.54014 4.913744
14.56014 4.913744
14.58014 4.913744
14.60014 6.623504
14.62014 6.623504
14.64015 8.902076
14.66015 8.902076
14.68015 11.23121
14.70015 11.23121
14.72015 13.18167
14.74015 14.45339
14.76015 14.45339
14.78015 15.6225
14.80015 17.24525
14.82015 17.24525
14.84015 17.24525
14.86015 19.80776
14.88015 21.24804
14.90015 22.14165
14.92015 23.21089
14.94015 23.21089
14.96015 25.39116
14.98015 28.8784
15.00015 28.8784
15.02015 32.08216
15.04015 34.45073
15.06015 36.06503
15.08016 36.06503
15.10016 38.25479
15.12016 40.41422
15.14016 40.41422
15.16016 41.80456
15.18016 41.80456
15.20016 44.3171
15.22016 46.12915
15.24016 47.00894
15.26016 48.29494
15.28016 49.7459
15.30016 50.60836
15.32016 50.60836
15.34016 52.38079
15.36016 52.38079
15.38016 53.64475
15.40016 54.39757
15.42016 55.06831
15.44016 55.06831
15.46016 55.7204
15.48016 56.3149
15.50016 56.93806
15.52017 57.33385
15.54017 57.77497
15.56017 58.17587
15.58017 58.58751
15.60017 58.58751
15.62017 59.03251
15.64017 59.53378
15.66017 59.53378
15.68017 60.20846
15.70017 60.20846
15.72017 60.97717
15.74017 60.97717
15.76017 61.32406
15.78017 61.76591
15.80017 62.14162
15.82017 62.14162
15.84017 62.62941
15.86017 63.00688
15.88017 63.34089
15.90017 63.72807
15.92017 64.06297
15.94018 64.46838
15.96018 64.46838
15.98018 65.0494
16.00018 65.0494
16.02018 66.15673
16.04018 66.83928
16.06018 66.83928
16.08018 67.40128
16.10018 67.40128
16.12018 68.44225
16.14018 69.23244
16.16018 69.23244
16.18018 70.02769
16.20018 70.89227
16.22018 71.38196
16.24018 71.38196
16.26018 71.9856
16.28018 71.9856
16.30018 72.83483
16.32018 73.64388
16.34018 73.64388
16.36018 74.68275
16.38018 74.68275
16.40018 75.80024
16.42019 75.80024
16.44019 78.07661
16.46019 78.07661
16.48019 81.61243
16.50019 81.61243
16.52019 84.1325
16.54019 84.1325
16.56019 86.00687
16.58019 86.00687
16.60019 88.7112
16.62019 90.143
16.64019 90.143
16.66019 90.95306
16.68019 90.95306
16.70019 92.10909
16.72019 92.10909
16.74019 92.93148
16.76019 92.93148
16.78019 93.25603
16.80019 93.25603
16.82019 95.08618
16.84019 95.08618
16.8602 96.74136
16.8802 96.74136
16.9002 97.57836
16.9202 98.26427
16.9402 98.63562
16.9602 99.13422
16.9802 99.74081
17.0002 99.74081
17.0202 101.5881
17.0402 102.7383
17.0602 103.6673
17.0802 104.8027
17.1002 106.2356
17.1202 107.3278
17.1402 107.3278
17.1602 108.7769
17.1802 108.7769
17.2002 111.7625
17.2202 113.2257
17.2402 114.3606
17.2602 115.2157
17.2802 116.3949
17.30021 117.7817
17.32021 117.7817
17.34021 117.7817
17.36021 120.9221
17.38021 120.9221
17.40021 120.9221
17.42021 123.7943
17.44021 123.7943
17.46021 126.0542
17.48021 126.0542
17.50021 127.703
17.52021 127.703
17.54021 128.9094
17.56021 128.9094
17.58021 128.9094
17.60021 131.9973
17.62021 131.9973
17.64021 134.5321
17.66021 134.5321
17.68021 135.452
17.70021 135.452
17.72021 136.4277
17.74022 136.4277
17.76022 137.4429
17.78022 137.1679
17.80022 137.1679
17.82022 136.4981
17.84022 136.4981
17.86022 135.2665
17.88022 135.2665
17.90022 134.1465
17.92022 133.382
17.94022 132.8713
17.96022 132.8713
17.98022 132.2234
18.00022 132.2234
18.02022 131.2276
18.04022 131.2276
18.06022 130.6478
18.08022 130.2064
18.10022 129.876
18.12022 129.876
18.14022 129.6538
18.16022 129.6538
18.18023 129.0192
18.20023 128.5649
18.22023 128.3437
18.24023 128.1116
18.26023 127.9238
18.28023 127.9238
18.30023 127.7038
18.32023 127.4201
18.34023 127.2973
18.36023 127.2973
18.38023 127.1528
18.40023 126.5735
18.42023 126.3362
18.44023 125.8295
18.46023 125.8295
18.48023 124.8771
18.50023 124.8771
18.52023 124.5425
18.54023 123.9969
18.56023 123.5368
18.58023 123.5368
18.60023 122.3705
18.62024 122.3705
18.64024 121.7686
18.66024 120.999
18.68024 120.5562
18.70024 120.5717
18.72024 120.3787
18.74024 119.9768
18.76024 119.2311
18.78024 119.2311
18.80024 119.2311
18.82024 124.8741
18.84024 124.8741
18.86024 124.8741
18.88024 115.1395
18.90024 115.1395
18.92024 88.5481
18.94024 88.5481
18.96024 84.67886
18.98024 84.67886
