0.02 5.461456
0.04 5.464074
0.06 5.464074
0.08 5.465401
0.09999999 5.465903
0.12 5.465473
0.14 5.46472
0.16 5.463967
0.18 5.457615
0.2 5.448954
0.22 5.442621
0.24 5.437939
0.26 5.433937
0.28 5.430582
0.3 5.427622
0.32 5.426503
0.34 5.425961
0.36 5.434045
0.38 5.443917
0.4 5.450932
0.42 5.456861
0.4400001 5.459195
0.4600001 5.462604
0.4800001 5.463034
0.5000001 5.452909
0.52 5.435524
0.54 5.424805
0.56 5.416852
0.58 5.411278
0.6 5.440965
0.6199999 5.440965
0.6399999 5.440965
0.6599999 5.440965
0.6799999 5.440965
0.6999999 5.440965
0.7199998 5.440965
0.7399998 5.440965
0.7599998 5.440965
0.7799998 5.440965
0.7999998 5.440965
0.8199998 5.440965
0.8399997 5.440965
0.8599997 5.440965
0.8799997 5.440965
0.8999997 5.440965
0.9199997 5.440965
0.9399996 5.440965
0.9599996 5.440965
0.9799996 5.440965
0.9999996 5.440965
1.02 5.440965
1.04 5.440965
1.06 5.440965
1.08 5.440965
1.1 5.440965
1.12 5.440965
1.14 5.440965
1.159999 5.440965
1.179999 5.440965
1.199999 5.440965
1.219999 5.440965
1.239999 5.440965
1.259999 5.440965
1.279999 5.440965
1.299999 5.440965
1.319999 5.440965
1.339999 5.440965
1.359999 5.440965
1.379999 5.440965
1.399999 5.440965
1.419999 5.440965
1.439999 5.440965
1.459999 5.440965
1.479999 5.440965
1.499999 5.440965
1.519999 5.440965
1.539999 5.440965
1.559999 5.440965
1.579999 5.440965
1.599999 5.440965
1.619999 5.440965
1.639999 5.440965
1.659999 5.440965
1.679999 5.440965
1.699999 5.440965
1.719999 5.440965
1.739999 5.440965
1.759999 5.440965
1.779999 5.440965
1.799999 5.440965
1.819999 5.440965
1.839999 5.440965
1.859999 5.440965
1.879999 5.440965
1.899999 5.440965
1.919999 5.440965
1.939999 5.440965
1.959999 5.440965
1.979999 5.440965
1.999999 5.440965
2.019999 5.440965
2.039999 5.440965
2.059999 5.440965
2.079999 5.440965
2.099999 5.440965
2.119999 5.440965
2.139999 5.440965
2.159999 5.440965
2.179999 5.440965
2.199999 5.440965
2.219999 5.161334
2.239999 5.396483
2.259999 5.191427
2.279999 5.191427
2.299999 4.054295
2.319999 2.853619
2.339998 2.575646
2.359998 1.838666
2.379998 0.8917516
2.399998 0.8917516
2.419998 1.351905
2.439998 2.060801
2.459998 2.778335
2.479998 3.286046
2.499998 4.520734
2.519998 5.126863
2.539998 5.584266
2.559998 5.584266
2.579998 6.507647
2.599998 6.933586
2.619998 7.109726
2.639998 7.323487
2.659998 7.598249
2.679998 7.64257
2.699998 7.603181
2.719998 7.209575
2.739998 6.552751
2.759998 5.754693
2.779998 4.544889
2.799998 2.816333
2.819998 1.039293
2.839998 1.165836
2.859998 3.318004
2.879998 3.318004
2.899998 7.326568
2.919998 12.07257
2.939998 15.16706
2.959998 19.24859
2.979998 23.09417
2.999998 32.2222
3.019998 37.34377
3.039998 37.34377
3.059998 50.16663
3.079998 50.16663
3.099998 60.02493
3.119998 68.55184
3.139998 74.68064
3.159998 83.50912
3.179998 90.26974
3.199998 104.8926
3.219998 112.6371
3.239998 119.5258
3.259998 125.1521
3.279998 129.6612
3.299998 133.4886
3.319998 135.6278
3.339998 138.9541
3.359998 144.1411
3.379997 145.977
3.399997 147.1024
3.419997 147.8283
3.439997 148.3114
3.459997 148.4373
3.479997 148.4138
3.499997 148.1626
3.519997 147.6714
3.539997 147.2656
3.559997 146.7656
3.579997 146.383
3.599997 145.2789
3.619997 144.4349
3.639997 143.6583
3.659997 140.6609
3.679997 137.8678
3.699997 134.7853
3.719997 130.4063
3.739997 126.4849
3.759997 121.1151
3.779997 116.4457
3.799997 109.3602
3.819997 98.59222
3.839997 92.67509
3.859997 84.61735
3.879997 77.71931
3.899997 69.30942
3.919997 59.26352
3.939997 52.4947
3.959997 44.25841
3.979997 44.25841
3.999997 33.06514
4.019997 23.15242
4.039997 19.6989
4.059997 16.02091
4.079997 13.24197
4.099997 10.30549
4.119997 8.435008
4.139997 8.435008
4.159997 5.674022
4.179997 4.1026
4.199997 3.018631
4.219997 1.384374
4.239997 0.7582139
4.259997 0.09487278
4.279997 0.3631561
4.299997 1.053691
4.319997 1.455622
4.339997 1.752006
4.359997 2.045453
4.379997 2.261832
4.399997 2.385975
4.419997 2.385975
4.439997 1.915506
4.459997 0.5442861
4.479997 0.01978234
4.499997 1.189103
4.519997 2.987144
4.539997 4.738177
4.559997 9.968018
4.579997 12.21209
4.599997 12.21209
4.619997 20.54527
4.639997 25.29952
4.659997 30.28262
4.679996 34.65403
4.699996 44.44577
4.719996 49.61061
4.739996 54.39025
4.759996 54.39025
4.779996 63.05661
4.799996 70.47509
4.819996 81.53575
4.839996 86.69622
4.859996 94.85532
4.879996 100.9159
4.899996 109.5085
4.919996 109.5085
4.939996 122.9876
4.959996 131.5976
4.979996 136.1582
4.999996 144.3796
5.019996 146.9551
5.039996 148.9621
5.059996 150.3249
5.079996 151.2702
5.099996 151.7018
5.119996 151.8139
5.139996 151.8701
5.159996 151.7895
5.179996 151.7103
5.199996 151.4544
5.219996 151.0817
5.239996 150.6054
5.259996 150.6054
5.279996 150.2339
5.299996 149.0215
5.319996 146.9147
5.339996 145.7273
5.359996 143.3736
5.379996 141.127
5.399996 136.7477
5.419996 133.3385
5.439996 130.402
5.459996 126.9945
5.479996 124.0298
5.499996 120.2173
5.519996 116.7901
5.539996 114.0454
5.559996 109.177
5.579996 106.7698
5.599996 103.8626
5.619996 100.7236
5.639996 97.95307
5.659996 93.5399
5.679996 90.25519
5.699996 85.13694
5.719995 76.70432
5.739995 72.62164
5.759995 67.95142
5.779995 63.9917
5.799995 59.07653
5.819995 53.50026
5.839995 49.94474
5.859995 45.86084
5.879995 40.45792
5.899995 37.42529
5.919995 35.02388
5.939995 33.03626
5.959995 31.07683
5.979995 29.18471
5.999995 27.26781
6.019995 23.92086
6.039995 23.92086
6.059995 21.68595
6.079995 19.94691
6.099995 18.92694
6.119995 18.39931
6.139995 17.95036
6.159995 17.89305
6.179995 17.86029
6.199995 18.22021
6.219995 18.72329
6.239995 19.76459
6.259995 21.28134
6.279995 23.93492
6.299995 25.95896
6.319995 29.50023
6.339995 31.72584
6.359995 31.72584
6.379995 36.55302
6.399995 41.39565
6.419995 44.13962
6.439995 47.56372
6.459995 53.97104
6.479995 57.31112
6.499995 60.53566
6.519995 60.53566
6.539995 66.159
6.559995 72.2913
6.579995 76.56001
6.599995 76.56001
6.619995 83.16705
6.639995 83.16705
6.659995 92.80254
6.679995 92.80254
6.699995 102.682
6.719995 102.682
6.739995 106.8344
6.759995 112.7584
6.779994 112.7584
6.799994 116.8026
6.819994 121.0189
6.839994 121.0189
6.859994 126.0578
6.879994 129.1061
6.899994 130.7096
6.919994 130.7096
6.939994 133.1238
6.959994 133.1238
6.979994 135.2572
6.999994 135.2572
7.019994 133.8259
7.039994 133.8259
7.059994 129.2619
7.079994 129.2619
7.099994 124.9954
7.119994 124.9954
7.139994 119.9853
7.159994 119.9853
7.179994 113.2637
7.199994 108.319
7.219994 105.5223
7.239994 103.0036
7.259994 99.54062
7.279994 97.60027
7.299994 97.60027
7.319994 94.4389
7.339994 92.83169
7.359994 91.36353
7.379994 90.31849
7.399994 89.13918
7.419994 88.16622
7.439994 86.88058
7.459994 85.84896
7.479994 83.94934
7.499994 82.3567
7.519994 81.23672
7.539994 79.70832
7.559994 76.6528
7.579994 76.6528
7.599994 75.04484
7.619994 71.39225
7.639994 71.39225
7.659994 66.14552
7.679994 66.14552
7.699994 63.02534
7.719994 59.58673
7.739994 56.31858
7.759994 54.32822
7.779994 52.78031
7.799994 52.78031
7.819993 49.83314
7.839993 47.9219
7.859993 46.44372
7.879993 44.01074
7.899993 42.83633
7.919993 41.62106
7.939993 40.60017
7.959993 38.88095
7.979993 38.1209
7.999993 37.3989
8.019994 37.03825
8.039994 36.71821
8.059995 37.00274
8.079995 37.22917
8.099996 38.6168
8.119996 38.6168
8.139997 41.05441
8.159997 43.59049
8.179997 46.72531
8.199998 48.49871
8.219998 48.49871
8.239999 51.83433
8.259999 54.79394
8.28 59.01836
8.3 59.01836
8.320001 63.00006
8.340001 66.80593
8.360002 69.70555
8.380002 72.22112
8.400002 75.65753
8.420003 75.65753
8.440003 81.52181
8.460004 86.27006
8.480004 89.13302
8.500005 93.10167
8.520005 93.10167
8.540006 99.07
8.560006 99.07
8.580007 106.3065
8.600007 106.3065
8.620008 117.1917
8.640008 120.2554
8.660008 122.9063
8.680009 125.0609
8.700009 127.2551
8.72001 128.9233
8.74001 130.5167
8.760011 132.5556
8.780011 133.6334
8.800012 133.7356
8.820012 133.8138
8.840013 132.609
8.860013 128.8599
8.880013 126.7795
8.900014 123.1985
8.920014 123.1985
8.940015 116.8826
8.960015 110.8078
8.980016 107.0922
9.000016 103.0676
9.020017 99.80213
9.040017 92.80695
9.060018 89.87638
9.080018 89.87638
9.100019 85.2484
9.120019 80.19205
9.140019 77.34402
9.16002 75.04157
9.18002 71.92673
9.200021 65.8516
9.220021 62.96704
9.240022 62.96704
9.260022 58.55085
9.280023 54.64214
9.300023 51.83187
9.320024 49.57356
9.340024 44.635
9.360024 42.61354
9.380025 42.61354
9.400025 39.53809
9.420026 35.94652
9.440026 34.55181
9.460027 33.0849
9.480027 31.91279
9.500028 30.54671
9.520028 29.57109
9.540029 27.67567
9.560029 27.67567
9.580029 26.54016
9.60003 25.47379
9.62003 25.17214
9.640031 24.89716
9.660031 25.33835
9.680032 25.78522
9.700032 26.8441
9.720033 28.17865
9.740033 28.17865
9.760034 31.64086
9.780034 35.86251
9.800035 38.47956
9.820035 40.62084
9.840035 43.55399
9.860036 46.54441
9.880036 49.29649
9.900037 54.3382
9.920037 57.03408
9.940038 60.28083
9.960038 63.33413
9.980039 65.96586
10.00004 69.38086
10.02004 74.40253
10.04004 77.80442
10.06004 77.80442
10.08004 81.39968
10.10004 85.28802
10.12004 88.33594
10.14004 90.90983
10.16004 97.02892
10.18004 100.8683
10.20004 100.8683
10.22004 106.5246
10.24004 112.2428
10.26005 116.0306
10.28005 122.6101
10.30005 125.0482
10.32005 127.1784
10.34005 129.1773
10.36005 131.7128
10.38005 133.0107
10.40005 134.0446
10.42005 134.9358
10.44005 135.8495
10.46005 136.7802
10.48005 137.4778
10.50005 138.2431
10.52005 138.4704
10.54005 138.5708
10.56005 138.1821
10.58005 137.7486
10.60005 136.3554
10.62005 135.1882
10.64005 133.1424
10.66005 130.5817
10.68005 126.4852
10.70006 124.1904
10.72006 121.7839
10.74006 119.2314
10.76006 115.7273
10.78006 113.5109
10.80006 110.7276
10.82006 108.235
10.84006 103.8417
10.86006 101.0301
10.88006 98.86311
10.90006 95.27585
10.92006 95.27585
10.94006 95.27585
10.96006 95.27585
10.98006 84.62574
11.00006 84.62574
11.02006 76.03851
11.04006 73.35224
11.06006 70.54838
11.08006 68.40585
11.10006 65.53035
11.12006 62.62384
11.14007 62.62384
11.16007 58.19561
11.18007 55.3583
11.20007 53.28554
11.22007 51.77868
11.24007 50.23479
11.26007 48.84712
11.28007 45.937
11.30007 44.27945
11.32007 43.04636
11.34007 41.92939
11.36007 40.81355
11.38007 39.70933
11.40007 38.48039
11.42007 37.57292
11.44007 36.54297
11.46007 35.01971
11.48007 34.29386
11.50007 33.52935
11.52007 32.88673
11.54007 32.22557
11.56007 31.57006
11.58008 31.03216
11.60008 30.71362
11.62008 30.3292
11.64008 30.66235
11.66008 31.46878
11.68008 32.17336
11.70008 33.64839
11.72008 34.96021
11.74008 36.99043
11.76008 39.32824
11.78008 39.32824
11.80008 45.3551
11.82008 48.61993
11.84008 50.82302
11.86008 53.13985
11.88008 55.13003
11.90008 57.555
11.92008 60.21212
11.94008 64.0234
11.96008 66.65883
11.98008 69.08443
12.00008 71.52
12.02009 75.96056
12.04009 78.32747
12.06009 81.25222
12.08009 83.91128
12.10009 83.91128
12.12009 89.2368
12.14009 93.37856
12.16009 95.84752
12.18009 98.86973
12.20009 102.0466
12.22009 105.4137
12.24009 108.4075
12.26009 112.8209
12.28009 115.5702
12.30009 117.7695
12.32009 119.7234
12.34009 121.5788
12.36009 122.9707
12.38009 124.3889
12.40009 125.4459
12.42009 126.9482
12.44009 127.7896
12.4601 128.4357
12.4801 129.0615
12.5001 130.0508
12.5201 130.491
12.5401 130.9624
12.5601 130.9624
12.5801 131.6447
12.6001 131.5178
12.6201 130.4604
12.6401 129.8777
12.6601 128.3744
12.6801 127.0033
12.7001 125.306
12.7201 121.2471
12.7401 118.8863
12.7601 116.4353
12.7801 113.6233
12.8001 110.8724
12.8201 108.4701
12.8401 105.2888
12.8601 102.946
12.88011 98.60783
12.90011 95.7764
12.92011 93.57456
12.94011 91.01478
12.96011 88.77863
12.98011 86.2788
13.00011 81.73932
13.02011 81.73932
13.04011 78.54016
13.06011 75.8101
13.08011 73.51918
13.10011 71.45518
13.12011 68.96456
13.14011 66.62201
13.16011 64.8029
13.18011 62.41494
13.20011 58.53357
13.22011 56.48143
13.24011 54.11826
13.26011 52.10232
13.28011 47.60028
13.30011 45.51437
13.32012 43.57534
13.34012 43.57534
13.36012 40.32848
13.38012 37.578
13.40012 36.0116
13.42012 34.62671
13.44012 33.28708
13.46012 30.92536
13.48012 29.95978
13.50012 29.95978
13.52012 28.51009
13.54012 27.69225
13.56012 27.12874
13.58012 26.88705
13.60012 27.30224
13.62012 27.70616
13.64012 28.82443
13.66012 28.82443
13.68012 31.29656
13.70012 33.98288
13.72012 37.61543
13.74012 39.70506
13.76013 42.97445
13.78013 45.31767
13.80013 48.51376
13.82013 48.51376
13.84013 53.93362
13.86013 57.5689
13.88013 60.92582
13.90013 63.52151
13.92013 69.98151
13.94013 72.84206
13.96013 77.35333
13.98013 77.35333
14.00013 82.67851
14.02013 86.90536
14.04013 90.0856
14.06013 92.84388
14.08013 99.84547
14.10013 103.3887
14.12013 106.4422
14.14013 106.4422
14.16013 112.2318
14.18013 116.7305
14.20014 119.9881
14.22014 122.6332
14.24014 126.21
14.26014 127.4409
14.28014 128.5819
14.30014 130.0529
14.32014 130.6926
14.34014 131.2458
14.36014 131.4577
14.38014 131.6449
14.40014 131.0592
14.42014 130.4839
14.44014 129.1243
14.46014 127.1971
14.48014 124.901
14.50014 122.486
14.52014 117.9553
14.54014 114.7864
14.56014 111.2335
14.58014 108.7934
14.60014 108.7934
14.62014 104.1982
14.64015 100.2038
14.66015 97.63518
14.68015 95.84216
14.70015 93.74693
14.72015 91.79398
14.74015 89.71558
14.76015 85.97218
14.78015 84.11327
14.80015 82.02577
14.82015 80.2097
14.84015 76.07094
14.86015 73.7144
14.88015 71.78716
14.90015 69.22408
14.92015 69.22408
14.94015 64.736
14.96015 61.37957
14.98015 59.51947
15.00015 57.37288