0.000000 0.480000
0.020000 0.960000
0.040000 1.440000
0.060000 1.920000
0.080000 2.400000
0.100000 2.880000
0.120000 3.360000
0.140000 3.840000
0.160000 4.320000
0.180000 4.800000
0.200000 5.280000
0.220000 5.760000
0.240000 6.240000
0.260000 6.720000
0.280000 7.200000
0.300000 7.680000
0.320000 8.160000
0.340000 8.639999
0.360000 9.119999
0.380000 9.599998
0.400000 10.079998
0.420000 10.559998
0.440000 11.039997
0.460000 11.519997
0.480000 11.999996
0.500000 12.479996
0.520000 12.959995
0.540000 13.439995
0.560000 13.919994
0.580000 14.399994
0.600000 14.879993
0.620000 15.359993
0.640000 15.839993
0.660000 16.319992
0.680000 16.799992
0.700000 17.279991
0.720000 17.759991
0.740000 18.239990
0.760000 18.719990
0.780000 19.199989
0.800000 19.679989
0.820000 20.159988
0.840000 20.639988
0.860000 21.119987
0.880000 21.599987
0.900000 22.079987
0.920000 22.559986
0.940000 23.039986
0.960000 23.519985
0.980000 23.999985
1.000000 24.479984
1.020000 24.959984
1.040000 25.439983
1.060000 25.919983
1.080000 26.399982
1.100000 26.879982
1.120000 27.359982
1.140000 27.839981
1.159999 28.319981
1.179999 28.799980
1.199999 29.279980
1.219999 29.759979
1.239999 30.239979
1.259999 30.719978
1.279999 31.199978
1.299999 31.679977
1.319999 32.159977
1.339999 32.639977
1.359999 33.119976
1.379999 33.599976
1.399999 34.079975
1.419999 34.559975
1.439999 35.039974
1.459999 35.519974
1.479999 35.999973
1.499999 36.479973
1.519999 36.959972
1.539999 37.439972
1.559999 37.919971
1.579999 38.399971
1.599999 38.879971
1.619999 39.359970
1.639999 39.839970
1.659999 40.319969
1.679999 40.799969
1.699999 41.279968
1.719999 41.759968
1.739999 42.239967
1.759999 42.719967
1.779999 43.199966
1.799999 43.679966
1.819999 44.159966
1.839999 44.639965
1.859999 45.119965
1.879999 45.599964
1.899999 46.079964
1.919999 46.559963
1.939999 47.039963
1.959999 47.519962
1.979999 47.999962
1.999999 48.479961
2.019999 48.959961
2.039999 49.439960
2.059999 49.919960
2.079999 50.399960
2.099999 50.879959
2.119999 51.359959
2.139999 51.839958
2.159999 52.319958
2.179999 52.799957
2.199999 53.279957
2.219999 53.759956
2.239999 54.239956
2.259999 54.719955
2.279999 55.199955
2.299999 55.679955
2.319999 56.159954
2.339998 56.639954
2.359998 57.119953
2.379998 57.599953
2.399998 58.079952
2.419998 58.559952
2.439998 59.039951
2.459998 59.519951
2.479998 59.999950
2.499998 60.479950
2.519998 60.959949
2.539998 61.439949
2.559998 61.919949
2.579998 62.399948
2.599998 62.879948
2.619998 63.359947
2.639998 63.839947
2.659998 64.319946
2.679998 64.799950
2.699998 65.279953
2.719998 65.759956
2.739998 66.239960
2.759998 66.719963
2.779998 67.199966
2.799998 67.679970
2.819998 68.159973
2.839998 68.639977
2.859998 69.119980
2.879998 69.599983
2.899998 70.079987
2.919998 70.559990
2.939998 71.039993
2.959998 71.519997
2.979998 72.000000
2.999998 72.480003
3.019998 72.960007
3.039998 73.440010
3.059998 73.920013
3.079998 74.400017
3.099998 74.880020
3.119998 75.360023
3.139998 75.840027
3.159998 76.320030
3.179998 76.800034
3.199998 77.280037
3.219998 77.760040
3.239998 78.240044
3.259998 78.720047
3.279998 79.200050
3.299998 79.680054
3.319998 80.160057
3.339998 80.640060
3.359998 81.120064
3.379997 81.600067
3.399997 82.080070
3.419997 82.560074
3.439997 83.040077
3.459997 83.520081
3.479997 84.000084
3.499997 84.480087
3.519997 84.960091
3.539997 85.440094
3.559997 85.920097
3.579997 86.400101
3.599997 86.880104
3.619997 87.360107
3.639997 87.840111
3.659997 88.320114
3.679997 88.800117
3.699997 89.280121
3.719997 89.760124
3.739997 90.240128
3.759997 90.720131
3.779997 91.200134
3.799997 91.680138
3.819997 92.160141
3.839997 92.640144
3.859997 93.120148
3.879997 93.600151
3.899997 94.080154
3.919997 94.560158
3.939997 95.040161
3.959997 95.520164
3.979997 96.000168
3.999997 96.480171
4.019997 96.960175
4.039997 97.440178
4.059997 97.920181
4.079997 98.400185
4.099997 98.880188
4.119997 99.360191
4.139997 99.840195
4.159997 100.320198
4.179997 100.800201
4.199997 101.280205
4.219997 101.760208
4.239997 102.240211
4.259997 102.720215
4.279997 103.200218
4.299997 103.680222
4.319997 104.160225
4.339997 104.640228
4.359997 105.120232
4.379997 105.600235
4.399997 106.080238
4.419997 106.560242
4.439997 107.040245
4.459997 107.520248
4.479997 108.000252
4.499997 108.480255
4.519997 108.960258
4.539997 109.440262
4.559997 109.920265
4.579997 110.400269
4.599997 110.880272
4.619997 111.360275
4.639997 111.840279
4.659997 112.320282
4.679996 112.800285
4.699996 113.280289
4.719996 113.760292
4.739996 114.240295
4.759996 114.720299
4.779996 115.200302
4.799996 115.680305
4.819996 116.160309
4.839996 116.640312
4.859996 117.120316
4.879996 117.600319
4.899996 118.080322
4.919996 118.560326
4.939996 119.040329
4.959996 119.520332
4.979996 120.000336
4.999996 120.480339
5.019996 120.960342
5.039996 121.440346
5.059996 121.920349
5.079996 122.400352
5.099996 122.880356
5.119996 123.360359
5.139996 123.840363
5.159996 124.320366
5.179996 124.800369
5.199996 125.280373
5.219996 125.760376
5.239996 126.240379
5.259996 126.720383
5.279996 127.200386
5.299996 127.680389
5.319996 128.160385
5.339996 128.640381
5.359996 129.120377
5.379996 129.600372
5.399996 130.080368
5.419996 130.560364
5.439996 131.040359
5.459996 131.520355
5.479996 132.000351
5.499996 132.480347
5.519996 132.960342
5.539996 133.440338
5.559996 133.920334
5.579996 134.400330
5.599996 134.880325
5.619996 135.360321
5.639996 135.840317
5.659996 136.320312
5.679996 136.800308
5.699996 137.280304
5.719995 137.760300
5.739995 138.240295
5.759995 138.720291
5.779995 139.200287
5.799995 139.680283
5.819995 140.160278
5.839995 140.640274
5.859995 141.120270
5.879995 141.600266
5.899995 142.080261
5.919995 142.560257
5.939995 143.040253
5.959995 143.520248
5.979995 144.000244
5.999995 144.480240
6.019995 144.960236
6.039995 145.440231
6.059995 145.920227
6.079995 146.400223
6.099995 146.880219
6.119995 147.360214
6.139995 147.840210
6.159995 148.320206
6.179995 148.800201
6.199995 149.280197
6.219995 149.760193
6.239995 150.240189
6.259995 150.720184
6.279995 151.200180
6.299995 151.680176
6.319995 152.160172
6.339995 152.640167
6.359995 153.120163
6.379995 153.600159
6.399995 154.080154
6.419995 154.560150
6.439995 155.040146
6.459995 155.520142
6.479995 156.000137
6.499995 156.480133
6.519995 156.960129
6.539995 157.440125
6.559995 157.920120
6.579995 158.400116
6.599995 158.880112
6.619995 159.360107
6.639995 159.840103
6.659995 160.320099
6.679995 160.800095
6.699995 161.280090
6.719995 161.760086
6.739995 162.240082
6.759995 162.720078
6.779994 163.200073
6.799994 163.680069
6.819994 164.160065
6.839994 164.640060
6.859994 165.120056
6.879994 165.600052
6.899994 166.080048
6.919994 166.560043
6.939994 167.040039
6.959994 167.520035
6.979994 168.000031
6.999994 168.480026
7.019994 168.960022
7.039994 169.440018
7.059994 169.920013
7.079994 170.400009
7.099994 170.880005
7.119994 171.360001
7.139994 171.839996
7.159994 172.319992
7.179994 172.799988
7.199994 173.279984
7.219994 173.759979
7.239994 174.239975
7.259994 174.719971
7.279994 175.199966
7.299994 175.679962
7.319994 176.159958
7.339994 176.639954
7.359994 177.119949
7.379994 177.599945
7.399994 178.079941
7.419994 178.559937
7.439994 179.039932
7.459994 179.519928
7.479994 179.999924
7.499994 180.479919
7.519994 179.999924
7.539994 179.519928
7.559994 179.039932
7.579994 178.559937
7.599994 178.079941
7.619994 177.599945
7.639994 177.119949
7.659994 176.639954
7.679994 176.159958
7.699994 175.679962
7.719994 175.199966
7.739994 174.719971
7.759994 174.239975
7.779994 173.759979
7.799994 173.279984
7.819993 172.799988
7.839993 172.319992
7.859993 171.839996
7.879993 171.360001
7.899993 170.880005
7.919993 170.400009
7.939993 169.920013
7.959993 169.440018
7.979993 168.960022
7.999993 168.480026
8.019994 168.000031
8.039994 167.520035
8.059995 167.040039
8.079995 166.560043
8.099996 166.080048
8.119996 165.600052
8.139997 165.120056
8.159997 164.640060
8.179997 164.160065
8.199998 163.680069
8.219998 163.200073
8.239999 162.720078
8.259999 162.240082
8.280000 161.760086
8.300000 161.280090
8.320001 160.800095
8.340001 160.320099
8.360002 159.840103
8.380002 159.360107
8.400002 158.880112
8.420003 158.400116
8.440003 157.920120
8.460004 157.440125
8.480004 156.960129
8.500005 156.480133
8.520005 156.000137
8.540006 155.520142
8.560006 155.040146
8.580007 154.560150
8.600007 154.080154
8.620008 153.600159
8.640008 153.120163
8.660008 152.640167
8.680009 152.160172
8.700009 151.680176
8.720010 151.200180
8.740010 150.720184
8.760011 150.240189
8.780011 149.760193
8.800012 149.280197
8.820012 148.800201
8.840013 148.320206
8.860013 147.840210
8.880013 147.360214
8.900014 146.880219
8.920014 146.400223
8.940015 145.920227
8.960015 145.440231
8.980016 144.960236
9.000016 144.480240
9.020017 144.000244
9.040017 143.520248
9.060018 143.040253
9.080018 142.560257
9.100019 142.080261
9.120019 141.600266
9.140019 141.120270
9.160020 140.640274
9.180020 140.160278
9.200021 139.680283
9.220021 139.200287
9.240022 138.720291
9.260022 138.240295
9.280023 137.760300
9.300023 137.280304
9.320024 136.800308
9.340024 136.320312
9.360024 135.840317
9.380025 135.360321
9.400025 134.880325
9.420026 134.400330
9.440026 133.920334
9.460027 133.440338
9.480027 132.960342
9.500028 132.480347
9.520028 132.000351
9.540029 131.520355
9.560029 131.040359
9.580029 130.560364
9.600030 130.080368
9.620030 129.600372
9.640031 129.120377
9.660031 128.640381
9.680032 128.160385
9.700032 127.680382
9.720033 127.200378
9.740033 126.720375
9.760034 126.240372
9.780034 125.760368
9.800035 125.280365
9.820035 124.800362
9.840035 124.320358
9.860036 123.840355
9.880036 123.360352
9.900037 122.880348
9.920037 122.400345
9.940038 121.920341
9.960038 121.440338
9.980039 120.960335
10.000039 120.480331
10.020040 120.000328
10.040040 119.520325
10.060040 119.040321
10.080041 118.560318
10.100041 118.080315
10.120042 117.600311
10.140042 117.120308
10.160043 116.640305
10.180043 116.160301
10.200044 115.680298
10.220044 115.200294
10.240045 114.720291
10.260045 114.240288
10.280046 113.760284
10.300046 113.280281
10.320046 112.800278
10.340047 112.320274
10.360047 111.840271
10.380048 111.360268
10.400048 110.880264
10.420049 110.400261
10.440049 109.920258
10.460050 109.440254
10.480050 108.960251
10.500051 108.480247
10.520051 108.000244
10.540051 107.520241
10.560052 107.040237
10.580052 106.560234
10.600053 106.080231
10.620053 105.600227
10.640054 105.120224
10.660054 104.640221
10.680055 104.160217
10.700055 103.680214
10.720056 103.200211
10.740056 102.720207
10.760056 102.240204
10.780057 101.760201
10.800057 101.280197
10.820058 100.800194
10.840058 100.320190
10.860059 99.840187
10.880059 99.360184
10.900060 98.880180
10.920060 98.400177
10.940061 97.920174
10.960061 97.440170
10.980062 96.960167
11.000062 96.480164
11.020062 96.000160
11.040063 95.520157
11.060063 95.040154
11.080064 94.560150
11.100064 94.080147
11.120065 93.600143
11.140065 93.120140
11.160066 92.640137
11.180066 92.160133
11.200067 91.680130
11.220067 91.200127
11.240067 90.720123
11.260068 90.240120
11.280068 89.760117
11.300069 89.280113
11.320069 88.800110
11.340070 88.320107
11.360070 87.840103
11.380071 87.360100
11.400071 86.880096
11.420072 86.400093
11.440072 85.920090
11.460073 85.440086
11.480073 84.960083
11.500073 84.480080
11.520074 84.000076
11.540074 83.520073
11.560075 83.040070
11.580075 82.560066
11.600076 82.080063
11.620076 81.600060
11.640077 81.120056
11.660077 80.640053
11.680078 80.160049
11.700078 79.680046
11.720078 79.200043
11.740079 78.720039
11.760079 78.240036
11.780080 77.760033
11.800080 77.280029
11.820081 76.800026
11.840081 76.320023
11.860082 75.840019
11.880082 75.360016
11.900083 74.880013
11.920083 74.400009
11.940084 73.920006
11.960084 73.440002
11.980084 72.959999
12.000085 72.479996
12.020085 71.999992
12.040086 71.519989
12.060086 71.039986
12.080087 70.559982
12.100087 70.079979
12.120088 69.599976
12.140088 69.119972
12.160089 68.639969
12.180089 68.159966
12.200089 67.679962
12.220090 67.199959
12.240090 66.719955
12.260091 66.239952
12.280091 65.759949
12.300092 65.279945
12.320092 64.799942
12.340093 64.319939
12.360093 63.839939
12.380094 63.359940
12.400094 62.879940
12.420094 62.399940
12.440095 61.919941
12.460095 61.439941
12.480096 60.959942
12.500096 60.479942
12.520097 59.999943
12.540097 59.519943
12.560098 59.039944
12.580098 58.559944
12.600099 58.079945
12.620099 57.599945
12.640100 57.119946
12.660100 56.639946
12.680100 56.159946
12.700101 55.679947
12.720101 55.199947
12.740102 54.719948
12.760102 54.239948
12.780103 53.759949
12.800103 53.279949
12.820104 52.799950
12.840104 52.319950
12.860105 51.839951
12.880105 51.359951
12.900105 50.879951
12.920106 50.399952
12.940106 49.919952
12.960107 49.439953
12.980107 48.959953
13.000108 48.479954
13.020108 47.999954
13.040109 47.519955
13.060109 47.039955
13.080110 46.559956
13.100110 46.079956
13.120111 45.599957
13.140111 45.119957
13.160111 44.639957
13.180112 44.159958
13.200112 43.679958
13.220113 43.199959
13.240113 42.719959
13.260114 42.239960
13.280114 41.759960
13.300115 41.279961
13.320115 40.799961
13.340116 40.319962
13.360116 39.839962
13.380116 39.359962
13.400117 38.879963
13.420117 38.399963
13.440118 37.919964
13.460118 37.439964
13.480119 36.959965
13.500119 36.479965
13.520120 35.999966
13.540120 35.519966
13.560121 35.039967
13.580121 34.559967
13.600121 34.079967
13.620122 33.599968
13.640122 33.119968
13.660123 32.639969
13.680123 32.159969
13.700124 31.679970
13.720124 31.199970
13.740125 30.719971
13.760125 30.239971
13.780126 29.759972
13.800126 29.279972
13.820127 28.799973
13.840127 28.319973
13.860127 27.839973
13.880128 27.359974
13.900128 26.879974
13.920129 26.399975
13.940129 25.919975
13.960130 25.439976
13.980130 24.959976
14.000131 24.479977
14.020131 23.999977
14.040132 23.519978
14.060132 23.039978
14.080132 22.559978
14.100133 22.079979
14.120133 21.599979
14.140134 21.119980
14.160134 20.639980
14.180135 20.159981
14.200135 19.679981
14.220136 19.199982
14.240136 18.719982
14.260137 18.239983
14.280137 17.759983
14.300138 17.279984
14.320138 16.799984
14.340138 16.319984
14.360139 15.839985
14.380139 15.359985
14.400140 14.879986
14.420140 14.399986
14.440141 13.919987
14.460141 13.439987
14.480142 12.959988
14.500142 12.479988
14.520143 11.999989
14.540143 11.519989
14.560143 11.039989
14.580144 10.559990
14.600144 10.079990
14.620145 9.599991
14.640145 9.119991
14.660146 8.639992
14.680146 8.159992
14.700147 7.679992
14.720147 7.199992
14.740148 6.719992
14.760148 6.239992
14.780149 5.759992
14.800149 5.279992
14.820149 4.799992
14.840150 4.319992
14.860150 3.839992
14.880151 3.359992
14.900151 2.879992
14.920152 2.399992
14.940152 1.919992
14.960153 1.439992
14.980153 0.959992
